15.6683727131765
15.8727161894352
15.9889171325246
16.0808404167002
16.2639918014309
17.1895656720648
18.4023794860354
19.1537362210864
19.9868620466466
21.1777033788772
22.22131428563
23.303438784172
24.1738042794796
25.7786938040365
26.0100060571728
26.8903731507162
28.0383177985288
29.2092108319369
30.305253479739
31.3633482789833
32.7316043009006
33.5381015328798
34.3680083967164
35.3675897498413
36.5689382858765
37.7114472006216
38.8185614597033
40.0339168225476
40.8225525443425
41.4163562220985
42.4125160106759
43.3268163764769
44.1421687382308
44.8455649146355
46.6352444804676
46.9449505122437
47.7793196736084
48.817926822765
49.8999807602636
50.9689090577573
52.0499788177649
53.7181218687152
53.9855796395122
54.6314308459557
55.6253248946568
56.5157765205582
57.3926982679378
58.258281441247
59.4732012619082
60.0783311708915
60.5849649814989
61.3192281500425
61.8953157723141
62.6583132666517
63.3017171008149
63.9709828809113
64.5625023755775
65.0297912887784
65.5767435549491
66.1920672722255
66.6419349607517
67.1635302116386
67.8507662388578
68.4805553667882
69.1484785494723
69.8178842720785
70.5902937450408
71.3438942101359
72.007126714964
72.5771386784575
73.4754381110356
74.1231702475981
74.7801033238743
75.5248503027513
76.2168683091082
76.9018594206377
77.2751553124257
78.0886383594952
78.8938706447925
79.6050048508883
80.3169592835213
81.0121817438222
81.6134409658892
81.9618384763921
82.9175272051383
83.6893444128509
84.3270781457794
85.058025922093
85.7225353651323
86.4751546608332
86.8677429613479
87.2590079190888
88.4063026550861
89.1332986454038
89.7910656141309
90.4393520906448
91.1637422852995
91.8710456060207
92.1648434531882
93.2901626187936
94.1192358768374
94.7911005566974
95.5321867707558
96.222298552717
96.7217352293135
97.1294232602466
98.1297867306294
99.0181443333053
99.5976476886337
100.376768096544
101.053007762279
101.722226987524
102.160547573175
103.282276016019
103.823538214298
104.442307938609
105.206883676958
105.973180462934
106.703747351492
107.204066448536
108.113275730261
108.842252856826
109.54454055556
110.317410698263
111.040266227846
111.613137268383
112.358798588741
113.027622731354
113.664953423553
114.174929512701
114.948348660269
115.841618200984
116.449322725585
117.431345934288
118.486961479923
119.288566776211
120.358974067968
121.150814996329
122.124971142644
123.117421804497
124.168693919981
125.02253528274
125.318336381633
126.539957110301
127.096441410408
127.652400471773
128.291334583304
129.3522034109
129.734600941137
131.326418146612
132.805368266676
134.12699752225
135.656962192883
136.791433026021
137.912430003561
139.085057516307
140.295485718342
141.138655423328
142.007598523378
143.395862279434
144.371012010129
144.777985722273
145.744378690238
145.980479352855
147.429448763168
148.820299655791
149.811978406954
150.88052858973
151.542677645451
152.859083821955
154.264824490185
155.456678175646
156.04845333795
156.712937054519
157.527612834292
158.369734316534
159.30293116338
159.36565776271
160.448029818543
161.820733837498
162.270822193437
163.529029202504
165.064903450825
166.384702042565
166.395896533818
167.639198622597
169.391706377444
170.332474274997
171.818597113103
173.215453554403
173.882742958505
174.974687686312
176.419370485489
177.581357277912
179.045318197074
180.787523621054
182.061176144539
182.152792067262
184.06384002475
185.278638477969
186.779998492717
187.959180767411
189.481794892714
190.253112937067
190.30026854459
192.434908102647
193.820472007003
194.688094802585
196.50249437606
198.095920696878
199.26639220427
199.363691504684
201.597007427422
202.836170651451
204.677426731869
205.916096509352
207.631424891765
208.249839815812
208.922425877431
210.521807804226
212.33311372212
213.449034632343
214.988125248313
216.411725099667
217.285663392585
217.29620300321
219.29701543851
220.506866829335
223.053597890565
224.928066056253
225.441287354595
226.220856468846
227.990085426514
228.254780834365
229.001618112947
229.985383911049
230.859679832775
231.887007016114
232.866778678583
233.801172745338
235.411230089765
236.599835152865
238.552268104511
240.342400596273
242.718253372138
242.90398467737
243.520558434561
244.12693712748
245.708323540654
246.249141867633
248.104551103027
250.483829936048
252.332989090247
253.599618265559
254.29980913278
255

